149,149
0,5.0206,9.89068,13.0469,17.1365,20.5381,24.1984,32.0264,39.2097,48.3199,54.03,60.0348,67.2989,163.813,168.667,174.435,159.855,74.4,184.249,189.137,83.1087,194.024,214.627,217.292,110.328,199.815,179.315,179.371,92.036,185.099,210.544,101.637,209.727,211.463,211.516,213.28,216.951,218.223,198.157,204.734,118.429,210.594,190.049,191.771,213.673,194.967,215.134,194.967,217.797,177.661,200.775,202.055,204.793,205.34,208.436,214.627,128.219,213.063,213.502,214.806,215.315,217.126,218.024,211.62,217.905,138.069,213.425,215.197,217.001,145.289,168.014,154.244,174.389,176.05,162.025,164.978,171.34,154.881,177.864,158.894,163.249,180.964,131.246,151.898,135.99,139.943,182.682,123.657,143.955,170.52,127.364,148.059,196.51,199.615,119.095,202.818,184.508,188.492,192.573,96.6537,179.532,116.313,99.3715,102.123,205.967,189.419,106.614,111.151,207.634,209.568,197.596,203.372,205.327,208.602,214.262,211.372,213.189,217.407,214.123,214.999,219.426,217.462,216.502,220.256,214.374,217.261,218.093,218.873,209.488,212.699,206.539,185.765,188.685,192.577,195.671,217.241,218.125,198.781,200.56,203.625,218.272,219.099,179.94,182.824,218.247,177.055,217.59,218.51,219.615
5.0206,0,5.11922,8.11187,12.1526,15.5255,19.2351,27.0352,34.2091,43.3555,49.0404,55.0702,62.3164,158.853,163.712,169.486,154.889,69.4204,179.301,184.194,78.134,189.086,209.692,212.371,105.363,194.883,174.372,174.418,87.0661,180.161,205.612,96.6706,204.798,206.531,206.587,208.35,212.004,213.294,193.212,199.803,113.47,205.654,185.107,186.844,208.742,190.025,210.196,190.037,212.859,172.704,195.834,197.133,199.853,200.392,203.493,209.687,123.269,208.104,208.544,209.852,210.358,212.164,213.063,206.669,212.955,133.122,208.474,210.246,212.051,140.346,163.07,149.296,169.444,171.1,157.089,160.036,166.396,149.951,172.916,153.957,158.305,176.016,126.348,146.973,131.086,135.028,177.732,118.78,139.04,165.574,122.473,143.139,191.561,194.666,114.235,197.872,179.559,183.543,187.626,91.9476,174.59,111.47,94.6379,97.3647,201.021,184.474,101.829,106.342,202.69,204.623,192.65,198.441,200.396,203.664,209.369,206.432,208.251,212.508,209.181,210.056,214.522,212.522,211.553,215.35,209.44,212.305,213.135,213.918,204.564,207.762,201.61,180.814,183.74,187.635,190.733,212.288,213.173,193.844,195.622,198.691,213.318,214.149,174.989,177.878,213.297,172.105,212.637,213.552,214.657
9.89068,5.11922,0,3.28586,7.42445,11.0308,14.8266,22.3949,29.5387,38.5746,44.2955,50.2662,57.5582,153.971,158.827,164.592,150.017,64.6409,174.406,179.293,73.309,184.183,204.773,207.433,100.489,189.974,169.477,169.53,82.2181,175.259,200.702,91.803,199.865,201.612,201.654,203.421,207.097,208.362,188.301,194.898,108.585,200.755,180.21,181.925,203.837,185.128,205.274,185.108,207.941,167.82,190.936,192.203,194.954,195.487,198.581,204.783,118.372,203.215,203.655,204.957,205.464,207.28,208.179,201.773,208.054,128.224,203.579,205.355,207.155,135.442,158.166,144.399,164.542,166.201,152.187,155.135,161.497,145.051,168.017,149.063,153.402,171.115,121.474,142.078,126.202,130.148,172.835,113.937,134.151,160.674,117.614,138.252,186.657,189.76,109.413,192.963,174.663,178.645,182.724,87.3052,169.685,106.667,89.9631,92.6613,196.112,179.57,97.0921,101.578,197.778,199.715,187.748,193.513,195.466,198.743,204.483,201.519,203.338,207.623,204.275,205.15,209.636,207.627,206.658,210.463,204.542,207.431,208.265,209.044,199.658,202.872,196.713,175.967,178.881,182.771,185.857,207.419,208.303,188.966,190.744,193.805,208.457,209.281,170.169,173.044,208.435,167.3,207.79,208.716,209.825
13.0469,8.11187,3.28586,0,4.14251,7.75387,11.6051,19.1308,26.2722,35.3516,41.0543,47.0498,54.3247,150.796,155.659,161.431,146.835,61.4159,171.246,176.138,70.0979,181.035,201.627,204.302,97.304,186.831,166.321,166.364,79.015,172.109,197.56,88.6104,196.724,198.47,198.513,200.28,203.938,205.221,185.143,191.756,105.406,197.603,177.056,178.787,200.695,181.975,202.124,181.966,204.791,164.648,187.783,189.071,191.802,192.326,195.425,201.632,115.205,200.043,200.482,201.788,202.292,204.104,205.003,198.609,204.891,125.06,200.415,202.191,203.991,132.282,154.99,141.233,161.364,163.021,149.016,151.961,158.32,141.885,164.838,145.891,150.24,167.937,118.332,138.915,123.056,126.992,169.656,110.809,130.996,157.51,114.476,135.092,183.481,186.585,106.296,189.789,171.485,175.467,179.549,84.3008,166.524,103.562,86.9379,89.6179,192.94,176.406,94.0283,98.4972,194.609,196.543,184.582,190.363,192.314,195.584,201.356,198.353,200.173,204.491,201.106,201.98,206.501,204.471,203.485,207.326,201.391,204.251,205.084,205.867,196.517,199.718,193.565,172.789,175.711,179.605,182.697,204.244,205.128,185.806,187.584,190.65,205.279,206.107,166.986,169.869,205.262,164.115,204.611,205.532,206.64
17.1365,12.1526,7.42445,4.14251,0,3.71442,7.69335,15.0258,22.1479,31.2755,36.9481,42.973,50.2264,146.736,151.606,157.384,142.769,57.3231,167.201,172.099,66.0141,177.001,197.595,200.285,93.2385,182.803,162.281,162.313,74.9376,168.075,193.533,84.5402,192.697,194.443,194.487,196.253,199.893,201.195,181.101,187.728,101.346,193.566,173.018,174.764,196.668,177.937,198.088,177.939,200.755,160.593,183.745,185.054,187.765,188.28,191.384,197.595,111.156,195.984,196.424,197.735,198.235,200.043,200.941,194.559,200.842,121.015,196.365,198.141,199.943,128.24,150.939,137.186,157.311,158.965,144.971,147.912,154.269,137.846,160.783,141.846,146.196,163.881,114.328,134.881,119.044,122.97,165.599,106.826,126.973,153.464,110.479,131.064,179.426,182.53,102.33,185.737,167.429,171.412,175.496,80.5021,162.482,99.6139,83.1083,85.7613,188.888,172.36,90.141,94.5845,190.561,192.493,180.535,186.332,188.281,191.544,197.358,194.309,196.13,200.487,197.058,197.933,202.492,200.432,199.432,203.316,197.358,200.19,201.022,201.808,192.495,195.682,189.536,168.734,171.663,175.561,178.657,200.188,201.072,181.766,183.544,186.614,201.221,202.053,162.928,165.818,201.209,160.057,200.552,201.47,202.577
20.5381,15.5255,11.0308,7.75387,3.71442,0,4.21864,11.5755,18.708,27.9581,33.59,39.6665,46.8688,143.54,148.424,154.216,139.558,53.9924,164.035,168.946,62.7307,173.86,194.456,197.176,90.029,179.673,159.126,159.135,71.6725,164.933,190.403,81.3069,189.569,191.313,191.358,193.124,196.724,198.066,177.939,184.598,98.1451,190.415,169.865,171.646,193.538,174.784,194.939,174.81,197.606,157.402,180.594,181.947,184.614,185.108,188.224,194.445,107.98,192.785,193.225,194.546,195.037,196.835,197.735,191.379,197.664,117.843,193.186,194.962,196.764,125.072,147.709,134.006,154.074,155.726,141.743,144.681,151.032,134.629,157.546,138.616,143.021,160.646,111.145,131.665,115.858,119.766,162.364,103.655,123.771,150.28,107.299,127.851,176.199,179.304,99.1712,182.514,164.196,168.18,172.268,77.4647,159.302,96.4674,80.0474,82.6801,185.667,169.172,87.0379,91.4638,187.349,189.274,177.341,183.173,185.114,188.358,194.213,191.102,192.924,197.332,193.842,194.717,199.334,197.262,196.212,200.157,194.198,196.959,197.791,198.585,189.356,192.513,186.378,165.501,168.452,172.361,175.469,196.967,197.851,178.579,180.357,183.438,197.993,198.834,159.675,162.587,197.99,156.794,197.317,198.225,199.326
24.1984,19.2351,14.8266,11.6051,7.69335,4.21864,0,8.11187,15.2656,24.4283,30.1828,36.1632,43.3851,140.354,145.267,151.073,136.357,50.5569,160.893,165.816,59.3633,170.753,191.316,194.057,86.8137,176.577,156.009,155.98,68.307,161.828,187.305,78.0139,186.418,188.194,188.208,189.984,193.543,194.916,174.764,181.512,94.9182,187.296,166.747,168.552,190.45,171.666,191.769,171.67,194.445,154.222,177.475,178.851,181.495,181.925,185.052,191.316,104.781,189.573,190.013,191.344,191.816,193.615,194.515,188.197,194.474,114.651,190.005,191.792,193.584,121.87,144.266,130.793,150.62,152.286,138.28,141.235,147.573,131.178,154.111,135.159,139.801,157.216,107.717,128.212,112.437,116.335,158.948,100.242,120.333,147.039,103.885,124.392,172.794,175.904,95.7599,179.108,160.784,164.775,168.858,74.1117,156.057,93.0622,76.6797,79.3006,182.267,165.91,83.6504,88.0717,183.971,185.879,174.065,179.912,181.825,185.041,190.942,187.721,189.546,194.043,190.456,191.332,196.053,194.069,192.865,196.876,191.016,193.642,194.484,195.297,186.196,189.322,183.187,162.202,165.189,169.123,172.233,193.681,194.566,175.344,177.123,180.216,194.699,195.551,156.354,159.302,194.717,153.461,194.026,194.936,196.02
32.0264,27.0352,22.3949,19.1308,15.0258,11.5755,8.11187,0,7.21959,16.4283,22.1045,28.1397,35.3443,132.309,137.221,143.027,128.305,42.4952,152.847,157.77,51.2826,162.708,183.275,186.019,78.7299,168.532,147.957,147.927,60.2313,153.776,179.259,69.9277,178.373,180.148,180.163,181.938,185.496,186.871,166.712,173.462,86.831,179.244,158.689,160.496,182.399,163.608,183.717,163.613,186.393,146.157,169.418,170.796,173.437,173.867,176.994,183.258,96.6901,181.518,181.958,183.288,183.761,185.561,186.46,180.135,186.412,106.558,181.938,183.725,185.518,113.775,136.242,122.701,142.601,144.259,130.266,133.21,139.551,123.162,146.079,127.139,131.708,149.182,99.7427,120.198,104.444,108.331,150.904,92.3124,112.325,138.946,95.9189,116.386,164.75,167.858,87.8646,171.066,152.736,156.725,160.812,66.6478,147.964,85.2009,69.1285,71.6741,174.22,157.821,75.9393,80.2918,175.915,177.828,165.977,171.827,173.746,176.967,182.951,179.667,181.488,186.045,182.399,183.274,188.044,185.97,184.791,188.858,182.914,185.557,186.397,187.207,178.091,181.218,175.081,154.107,157.088,161.018,164.128,185.587,186.472,167.24,169.019,172.111,186.606,187.455,148.266,151.205,186.619,145.378,185.931,186.842,187.93
39.2097,34.2091,29.5387,26.2722,22.1479,18.708,15.2656,7.21959,0,9.48281,14.952,21.0645,28.193,125.148,130.068,135.881,121.137,35.3443,145.7,150.63,44.1298,155.575,176.14,178.903,71.5799,161.405,140.818,140.774,53.0802,146.644,172.131,62.7774,171.246,173.019,173.035,174.81,178.344,179.742,159.566,166.335,79.6856,172.103,151.55,153.378,175.271,156.469,176.577,156.487,179.252,138.998,162.278,163.683,166.297,166.715,169.848,176.117,89.5576,174.35,174.79,176.126,176.594,178.389,179.289,172.977,179.255,99.4264,174.781,176.568,178.361,106.647,129.112,115.561,135.468,137.119,123.154,126.086,132.423,116.063,138.94,120.028,124.572,142.042,92.7334,113.112,97.4117,101.275,143.76,85.3664,105.264,131.807,88.9314,109.315,157.605,160.712,80.9715,163.924,145.594,149.581,153.671,60.3009,140.827,78.3591,62.6759,65.1301,167.079,150.679,69.2905,73.5583,168.775,170.688,158.832,164.702,166.62,169.833,175.902,172.534,174.356,178.987,175.262,176.136,180.976,178.831,177.643,181.787,175.784,178.398,179.236,180.048,170.977,174.086,167.962,146.968,149.955,153.887,157.002,178.435,179.32,160.112,161.891,164.987,179.454,180.306,141.134,144.078,179.473,138.252,178.782,179.687,180.777
48.3199,43.3555,38.5746,35.3516,31.2755,27.9581,24.4283,16.4283,9.48281,0,6.30524,11.7484,19.1132,116.26,121.203,127.013,112.242,26.2649,136.827,141.755,35.046,146.72,167.226,169.975,62.6339,152.548,131.964,131.894,43.9595,137.787,163.268,53.7232,162.292,164.118,164.081,165.873,169.405,170.789,150.62,157.488,70.6908,163.232,142.682,144.492,166.419,147.598,167.615,147.538,170.308,130.082,153.405,154.775,157.422,157.763,160.896,167.22,80.5618,165.4,165.84,167.175,167.627,169.44,170.34,164.038,170.299,90.4294,165.837,167.642,169.417,97.6197,119.86,106.539,126.214,127.884,113.874,116.825,123.16,106.784,129.703,110.757,115.527,132.81,83.4937,103.829,88.1634,92.0243,134.542,76.203,95.9921,122.741,79.7269,100.029,148.392,151.504,71.8458,154.706,136.376,140.368,144.449,51.8204,131.746,69.2789,54.0505,56.384,157.862,141.587,60.4188,64.5919,159.569,161.473,149.728,155.57,157.459,160.662,166.85,163.319,165.14,169.91,166.048,166.923,171.905,169.817,168.482,172.707,166.767,169.296,170.15,170.976,161.959,165.068,158.923,137.893,140.895,144.845,147.942,169.358,170.244,151.053,152.833,155.929,170.379,171.23,132.067,135.023,170.411,129.192,169.724,170.649,171.726
54.03,49.0404,44.2955,41.0543,36.9481,33.59,30.1828,22.1045,14.952,6.30524,0,6.53881,13.3027,110.435,115.371,121.19,106.398,20.4062,131.005,135.941,29.2045,140.901,161.449,164.231,56.7776,146.737,126.127,126.056,38.1738,131.96,157.457,47.9036,156.541,158.331,158.33,160.109,163.614,165.035,144.831,151.658,64.8563,157.4,136.839,138.688,160.59,141.757,161.843,141.765,164.523,124.234,147.564,148.991,151.583,151.96,155.099,161.393,74.7337,159.579,160.019,161.359,161.818,163.614,164.513,158.21,164.483,84.5942,160.003,161.796,163.583,91.7999,114.258,100.709,120.614,122.258,108.307,111.224,117.56,101.218,124.068,105.169,109.71,127.169,78.0114,98.2702,82.645,86.4707,128.874,70.7736,90.446,116.928,74.2407,94.4833,142.724,145.832,66.4756,149.048,130.699,134.687,138.781,47.2176,125.944,63.9618,49.2873,51.4836,152.194,135.792,55.3594,59.4069,153.884,155.797,143.936,149.825,151.737,154.941,161.21,157.644,159.458,164.264,160.36,161.233,166.237,163.962,162.728,167.029,160.914,163.478,164.318,165.135,156.114,159.204,153.074,132.028,135.025,138.967,142.085,163.512,164.397,145.196,146.976,150.078,164.525,165.38,126.187,129.137,164.546,123.306,163.848,164.756,165.839
60.0348,55.0702,50.2662,47.0498,42.973,39.6665,36.1632,28.1397,21.0645,11.7484,6.53881,0,7.55794,104.699,109.66,115.475,100.664,14.6113,125.282,130.215,23.3687,135.196,155.672,158.438,51.0578,141.028,120.434,120.335,32.2576,126.262,151.741,42.0695,150.726,152.574,152.515,154.313,157.814,159.22,139.033,145.967,59.0762,151.682,131.136,132.963,154.892,136.049,156.025,135.97,158.724,118.488,141.852,143.241,145.868,146.161,149.3,155.652,68.9534,153.779,154.219,155.559,155.999,157.814,158.714,152.43,158.683,78.8124,154.222,156.034,157.802,85.9846,108.137,94.8924,114.489,116.157,102.157,105.1,111.431,95.078,117.972,99.0381,103.868,121.08,71.9227,92.131,76.5515,80.3766,122.808,64.7721,84.3266,111.065,68.2018,88.3453,136.663,139.775,60.5202,142.979,124.639,128.633,132.716,42.0019,120.064,58.0618,43.9036,45.9617,146.132,129.895,49.6932,53.6354,147.84,149.741,138.026,143.881,145.758,148.948,155.309,151.593,153.411,158.344,154.314,155.189,160.326,158.156,156.751,161.115,155.111,157.573,158.431,159.264,150.317,153.405,147.26,126.184,129.2,133.162,136.257,157.646,158.532,139.368,141.147,144.249,158.664,159.519,120.362,123.329,158.705,117.494,158.014,158.941,160.013
67.2989,62.3164,57.5582,54.3247,50.2264,46.8688,43.3851,35.3443,28.193,19.1132,13.3027,7.55794,0,97.5787,102.55,108.382,93.5116,7.21959,118.183,123.132,16.152,128.121,148.609,151.424,43.9482,133.966,113.341,113.21,25.0899,119.184,144.671,34.9316,143.686,145.514,145.474,147.264,150.706,152.174,131.939,138.889,51.956,144.574,124.028,125.914,147.808,128.94,148.944,128.92,151.635,111.333,134.741,136.206,138.755,139.04,142.194,148.542,61.85,146.617,147.057,148.41,148.843,150.64,151.54,145.281,151.54,71.6916,147.067,148.874,150.647,78.8631,101.059,87.7426,107.404,109.053,95.1043,98.021,104.343,88.0391,110.86,91.968,96.7211,113.965,65.0308,85.0996,69.6125,73.3804,115.672,57.9872,77.329,103.902,61.3278,81.3277,129.533,132.644,53.8345,135.859,117.497,121.489,125.583,36.7925,112.905,51.4722,38.3704,40.1558,139.005,122.729,43.5782,47.2869,140.709,142.608,130.851,136.767,138.648,141.819,148.305,144.47,146.282,151.32,147.173,148.046,153.282,150.965,149.564,154.059,147.93,150.337,151.187,152.024,143.161,146.207,140.08,118.913,121.949,125.919,129.037,150.4,151.286,132.149,133.929,137.045,151.405,152.271,113.059,116.045,151.448,110.176,150.732,151.642,152.71
163.813,158.853,153.971,150.796,146.736,143.54,140.354,132.309,125.148,116.26,110.435,104.699,97.5787,0,5.11922,10.9605,4.2615,90.4902,20.6713,25.6656,81.5549,30.7173,51.1363,54.141,53.7976,36.5984,16.0911,15.7257,72.6895,21.9438,47.238,62.8411,46.3979,48.0906,48.1742,49.9014,53.237,54.8409,34.5405,41.5434,45.9079,47.0889,26.7003,28.8691,50.4084,31.5704,51.5845,31.8031,54.2193,14.1614,37.3383,39.1135,41.3361,41.6681,44.8241,51.0972,36.3602,49.2919,49.7308,51.0482,51.5651,53.3496,54.2469,47.9244,54.21,26.9972,49.781,51.5554,53.3496,20.7199,18.4711,13.0625,21.3055,21.3573,20.1697,18.8203,20.5853,22.4529,22.644,20.7852,9.93942,24.5137,40.9905,24.7608,36.5842,33.1338,25.4196,48.8099,30.259,12.8136,44.6951,27.8692,36.7704,39.4682,53.7099,42.6263,27.0332,30.026,33.6994,78.9657,19.6987,57.043,75.791,72.6262,45.6055,28.2401,67.8412,63.0928,46.9649,49.0403,36.1426,41.9217,44.0779,47.2897,57.7123,50.9372,52.732,60.3483,53.5968,54.3796,61.6217,55.0834,55.1723,62.2152,52.3546,55.5904,56.2777,56.8835,48.0793,50.9411,45.5065,28.606,30.426,33.4109,36.1039,55.761,56.5966,38.8108,40.3864,43.1469,57.0191,57.7471,26.5368,27.6488,57.1155,26.1256,56.8796,57.751,59.1838
168.667,163.712,158.827,155.659,151.606,148.424,145.267,137.221,130.068,121.203,115.371,109.66,102.55,5.11922,0,5.89543,9.2695,95.4622,15.662,20.6471,86.5204,25.6656,46.1918,49.1898,58.7205,31.5506,11.006,10.7566,77.6684,16.8693,42.2118,67.8004,41.4974,43.1076,43.2714,44.9688,48.3631,49.9315,29.6759,36.4889,50.8355,42.0913,21.6687,23.846,45.372,26.55,46.7054,26.9045,49.3122,9.51664,32.3295,34.1163,36.3341,36.817,39.9456,46.1268,41.2316,44.4979,44.9355,46.2243,46.7909,48.5695,49.464,43.0629,49.3628,31.7822,44.9243,46.6732,48.487,25.342,19.5708,17.25,20.9323,20.5123,22.6329,20.66,20.9474,25.9985,21.442,23.7962,11.8218,22.7406,45.6229,28.5603,41.1244,37.5913,23.297,53.486,34.5444,11.7812,49.3603,31.9193,33.3823,35.9061,58.4081,38.9835,24.6936,27.2211,30.619,83.7181,16.6337,61.737,80.5396,77.37,41.8542,24.3601,72.5642,67.7895,43.0813,45.1845,32.0466,37.6691,39.9096,43.1443,53.984,47.0285,48.7865,56.5569,49.6519,50.4092,57.7058,50.4281,51.0129,58.264,47.7349,51.3212,51.9615,52.4947,43.5161,46.3921,41.1056,25.8127,27.1466,29.7309,32.2541,51.4477,52.2685,34.8184,36.3248,38.9523,52.7446,53.4293,24.8555,25.3229,52.8109,25.0786,52.677,53.535,55.0335
174.435,169.486,164.592,161.431,157.384,154.216,151.073,143.027,135.881,127.013,121.19,115.475,108.382,10.9605,5.89543,0,15.1183,101.292,9.82,14.7739,92.3411,19.7868,40.3417,43.3159,64.5229,25.6656,5.21598,5.1,83.4841,11.006,36.3379,73.6063,35.6523,37.2345,37.4255,39.1108,42.5776,44.0845,23.8902,30.6195,56.6199,36.2514,15.8405,17.9849,39.5076,20.7153,40.8907,21.0785,43.4867,4.8654,26.4935,28.2363,30.4985,31.0562,34.1509,40.2921,46.9616,38.8154,39.2512,40.5025,41.1102,42.9051,43.796,37.3185,43.613,37.4329,39.1874,40.9274,42.7417,30.8261,21.3495,22.4436,20.981,20.0499,25.6471,23.1515,21.8451,30.0422,20.4989,27.3524,15.5571,21.0049,50.8375,32.8431,46.2282,42.5937,21.1193,58.7978,39.341,12.6484,54.6457,36.449,29.2697,31.547,63.7582,34.4864,22.1867,24.0156,26.955,89.1812,13.9277,67.0926,85.9931,82.8126,37.2156,19.9622,77.9757,73.1635,38.294,40.4136,27.2125,32.5421,34.8425,38.0826,49.542,42.196,43.9107,52.0044,44.7772,45.502,53.0066,44.9316,45.9441,53.5172,42.2948,46.1959,46.7959,47.2556,38.1713,41.0518,35.9644,23.0962,23.7424,25.729,27.9287,46.3148,47.1153,30.2594,31.6544,34.0796,47.6639,48.2917,23.6997,23.34,47.7164,24.7222,47.7186,48.5783,50.1407
159.855,154.889,150.017,146.835,142.769,139.558,136.357,128.305,121.137,112.242,106.398,100.664,93.5116,4.2615,9.2695,15.1183,0,86.4106,24.7928,29.7936,77.4815,34.8432,55.2522,58.281,49.7509,40.7265,20.172,19.7768,68.6136,26.0429,51.3508,58.7716,50.5074,52.2056,52.2818,54.0109,57.2886,58.9415,38.5988,45.6357,41.8477,51.1559,30.7435,32.9531,54.4945,35.616,55.6451,35.876,58.2818,17.9994,41.3845,43.2088,45.382,45.6786,48.8535,55.1435,32.3233,53.2464,53.6859,55.0255,55.5192,57.2886,58.1874,51.8978,58.1874,22.9915,53.7325,55.5101,57.3061,16.869,18.8915,9.7855,22.7588,23.1206,19.2404,18.5134,21.4623,20.2491,24.5677,19.1895,9.68488,26.7752,37.3109,22.1771,33.0128,29.6582,27.8304,45.0295,27.0129,14.5835,40.9294,24.9219,39.8973,42.6923,49.8843,45.9028,29.5222,32.7819,36.6205,75.0596,22.5035,53.2017,71.8874,68.726,48.9192,31.5104,63.9584,59.2327,50.3321,52.3924,39.5273,45.4562,47.5825,50.781,60.8886,54.3047,56.1022,63.5594,56.9611,57.7603,64.9086,58.7536,58.613,65.5116,55.979,59.0334,59.741,60.3885,51.6402,54.4908,48.9363,30.8818,33.0195,36.2651,39.1091,59.1772,60.0249,41.9223,43.5506,46.4156,60.3903,61.1537,27.951,29.5072,60.4813,27.0265,60.1493,61.0163,62.4001
74.4,69.4204,64.6409,61.4159,57.3231,53.9924,50.5569,42.4952,35.3443,26.2649,20.4062,14.6113,7.21959,90.4902,95.4622,101.292,86.4106,0,111.087,116.035,8.99575,121.026,141.509,144.329,36.8405,126.871,106.241,106.103,17.9358,112.084,137.57,27.7821,136.581,138.41,138.368,140.158,143.592,145.065,124.822,131.784,44.8117,137.46,116.913,118.805,140.699,121.822,141.825,121.802,144.515,104.202,127.621,129.094,131.634,131.912,135.066,141.417,54.6948,139.486,139.926,141.279,141.712,143.508,144.408,138.143,144.401,64.5229,139.922,141.729,143.501,71.6846,93.9551,80.5618,100.303,101.941,88.0164,90.9144,97.2383,80.9519,103.739,84.8702,89.5353,106.842,58.0722,78.0193,62.6012,66.3341,108.534,51.1748,70.2697,96.7108,54.4055,74.2614,122.394,125.503,47.1471,128.723,110.351,114.342,118.44,32.1319,105.712,44.9093,33.2611,34.6662,131.862,115.54,37.6558,41.0438,133.554,135.459,123.66,129.584,131.471,134.644,141.256,137.317,139.123,144.256,140.013,140.887,146.204,143.766,142.383,146.968,140.728,143.143,143.992,144.826,135.958,139,132.871,111.702,114.734,118.702,121.822,143.196,144.082,124.934,126.714,129.832,144.2,145.064,105.853,108.831,144.238,102.976,143.524,144.436,145.505
184.249,179.301,174.406,171.246,167.201,164.035,160.893,152.847,145.7,136.827,131.005,125.282,118.183,20.6713,15.662,9.82,24.7928,111.087,0,5.0206,102.135,10.0909,30.5576,33.6147,74.3214,15.9663,5.19711,5.11922,93.2668,2.61306,26.5689,83.3903,25.9659,27.4627,27.7246,29.3681,32.7928,34.3459,14.2162,20.9075,66.3941,26.4468,6.32368,8.81816,29.7463,11.0255,31.1404,11.7104,33.7036,7.68271,16.7402,18.7001,20.7253,21.3406,24.4078,30.4921,56.6982,29.1222,29.5548,30.7696,31.4281,33.217,34.1018,27.5799,33.8664,47.0899,29.47,31.1885,33.0056,40.3245,26.6521,31.6851,23.9122,22.3256,32.1754,29.189,25.8895,37.6887,21.9427,34.4544,23.8049,21.0002,59.8019,40.7191,55.0658,51.288,20.265,67.8742,47.8017,18.5527,63.694,44.5743,23.4382,25.0275,72.8797,27.55,20.5364,20.671,22.3195,98.4451,14.2346,76.2184,95.2443,92.0496,29.8867,14.6311,87.1709,82.3094,30.651,32.7286,19.95,24.5429,26.8741,29.9504,42.6872,34.3984,35.9964,44.8416,36.8119,37.4575,45.5195,35.7962,37.5279,45.9231,33.3593,37.604,38.11,38.4439,29.6255,32.3172,27.8484,20.9045,20.1444,20.6185,21.9472,37.75,38.5016,23.576,24.6382,26.5516,39.171,39.7106,24.2526,22.5787,39.2348,26.4419,39.4596,40.2786,41.9396
189.137,184.194,179.293,176.138,172.099,168.946,165.816,157.77,150.63,141.755,135.941,130.215,123.132,25.6656,20.6471,14.7739,29.7936,116.035,5.0206,0,107.076,5.11922,25.6074,28.6278,79.2516,10.9605,9.92131,10.0909,98.2066,4.36808,21.5762,88.3235,21.0408,22.4715,22.793,24.4078,27.9535,29.4021,9.53539,15.9349,71.3169,21.5165,2.41415,4.49248,24.7723,6.24411,26.2558,7.12433,28.7942,12.42,11.8528,13.7463,15.8188,16.6099,19.5808,25.5683,61.5945,24.4886,24.9146,26.0526,26.7837,28.5902,29.4636,22.8369,29.0879,51.9609,24.7334,26.4266,28.2382,45.1462,30.4201,36.4704,26.9674,25.2243,36.2202,33.1338,29.2663,42.0171,24.5296,38.6594,28.3699,23.0311,64.457,45.0982,59.6847,55.8832,21.9654,72.5566,52.3251,22.6721,68.3734,49.0125,22.0198,23.0457,77.5721,25.158,21.816,21.0221,21.7541,103.169,16.8663,80.9075,99.9652,96.7672,27.1357,14.1843,91.8756,86.9987,27.6225,29.649,17.5474,21.1919,23.5233,26.4831,39.8117,31.1695,32.656,41.7701,33.4519,34.0327,42.2369,31.4547,33.8509,42.5688,29.1491,33.8356,34.2695,34.4834,25.6692,28.2991,24.3222,21.8679,20.3028,19.7477,20.3403,33.9684,34.6756,21.3794,22.1513,23.576,35.4457,35.8902,26.3627,24.1206,35.488,28.9616,35.9145,36.7205,38.4461
83.1087,78.134,73.309,70.0979,66.0141,62.7307,59.3633,51.2826,44.1298,35.046,29.2045,23.3687,16.152,81.5549,86.5204,92.3411,77.4815,8.99575,102.135,107.076,0,112.065,132.545,135.354,27.8719,117.905,97.2834,97.1554,8.99575,103.121,128.605,18.7966,127.609,129.441,129.396,131.187,134.641,136.094,115.862,122.819,35.8298,128.502,107.952,109.827,131.734,112.862,132.86,112.824,135.552,95.2535,118.661,120.112,122.674,122.957,126.105,132.455,45.7105,130.552,130.992,132.338,132.778,134.582,135.482,129.195,135.452,55.5462,130.973,132.781,134.552,62.7137,85.1608,71.6008,91.5176,93.1391,79.2693,82.1352,88.4654,72.2203,94.9352,76.1291,80.5804,98.0309,49.6225,69.3221,54.0459,57.7267,99.712,43.0422,61.6288,87.7711,46.0636,65.6138,113.558,116.664,39.3013,119.887,101.53,105.513,109.614,28.318,96.7779,37.3437,28.632,29.3133,123.024,106.614,31.4248,34.1493,124.699,126.619,114.747,120.653,122.556,125.748,132.525,128.473,130.278,135.519,131.176,132.047,137.445,134.834,133.524,138.2,131.795,134.282,135.127,135.95,127.02,130.08,123.953,102.881,105.883,109.835,112.943,134.33,135.216,116.052,117.831,120.937,135.349,136.203,97.0984,100.038,135.382,94.2616,134.695,135.615,136.701
194.024,189.086,184.183,181.035,177.001,173.86,170.753,162.708,155.575,146.72,140.901,135.196,128.121,30.7173,25.6656,19.7868,34.8432,121.026,10.0909,5.11922,112.065,0,20.8117,23.8026,84.2221,5.89543,14.8077,15.128,103.207,8.98582,16.5702,93.3143,16.4502,17.5828,18.1605,19.6573,23.3418,24.6726,6.09593,10.8689,76.2984,16.6103,4.59131,3.74401,19.7461,2.41415,21.643,4.6682,24.0768,17.4041,7.08226,9.03557,10.9703,12.4004,15.1159,20.7153,66.562,20.216,20.6254,21.6362,22.5038,24.266,25.1135,18.3795,24.5497,56.9194,20.2585,21.8499,23.6821,50.097,35.0121,41.4204,31.1465,29.3175,40.9385,37.8035,33.6181,46.8599,28.4137,43.4443,33.2331,26.5569,69.387,49.9506,64.6042,60.8014,25.2528,77.4689,57.221,27.336,73.2962,53.8794,22.4902,22.8307,82.4791,24.3776,24.7699,23.2375,23.1027,108.054,20.7783,85.8032,104.852,101.657,25.8241,15.9915,96.762,91.881,25.9215,27.8276,16.948,19.2159,21.4915,24.1888,37.7777,29.1073,30.4056,39.4984,31.1505,31.6353,39.69,27.5107,31.0297,39.9336,25.4147,30.7741,31.078,31.1077,22.3509,24.8333,21.657,24.1832,21.955,20.4019,20.2285,30.8229,31.4617,20.5364,20.922,21.6813,32.3394,32.6602,29.4484,26.781,32.324,32.3078,32.9856,33.7319,35.5343
214.627,209.692,204.773,201.627,197.595,194.456,191.316,183.275,176.14,167.226,161.449,155.672,148.609,51.1363,46.1918,40.3417,55.2522,141.509,30.5576,25.6074,132.545,20.8117,0,4.14517,104.752,15.128,35.5077,35.5698,123.643,29.7195,5.21928,113.776,5.50499,3.57728,3.98241,2.19602,3.99661,4.32954,16.8197,10.8548,96.7779,5.49185,24.9635,23.1796,4.67012,20.1374,3.03209,19.9575,3.97453,37.5619,14.5197,13.2665,10.7531,10.3615,7.30157,3.74166,87.0208,7.01456,6.91538,5.91608,7.01381,7.99831,8.29439,6.4699,6.54193,77.3274,6.54389,6.49566,6.78033,70.3653,52.0092,61.5583,46.7513,44.8046,58.3833,55.127,49.7647,65.0435,43.4008,61.293,52.9757,40.6546,88.6458,68.2688,83.7545,79.8282,38.9819,96.8695,76.017,46.3798,92.6781,72.3598,28.494,26.4305,101.929,25.2355,37.7332,34.4216,31.7367,127.657,38.2593,105.26,124.443,121.233,24.1387,29.6203,116.292,111.358,22.8491,23.3429,23.9519,20.1168,20.2899,20.0031,32.8146,23.369,23.489,32.8177,23.6849,23.5541,31.7178,15.8105,21.6611,31.4769,16.4259,21.0427,20.7599,20.0449,18.1072,17.783,20.5451,37.5602,34.4267,30.9843,28.6045,21.4894,21.5632,26.4953,25.3839,23.4078,22.8686,22.5122,44.2119,41.0114,23.0211,47.5609,24.7345,25.1192,26.7357
217.292,212.371,207.433,204.302,200.285,197.176,194.057,186.019,178.903,169.975,164.231,158.438,151.424,54.141,49.1898,43.3159,58.281,144.329,33.6147,28.6278,135.354,23.8026,4.14517,0,107.559,18.032,38.4609,38.6492,126.452,32.6275,8.12552,116.579,7.9945,6.53881,6.31446,4.60879,6.09939,2.60617,19.9698,13.775,99.5822,8.99389,28.0019,25.86,6.76878,23.2395,5.10075,22.6488,4.49472,40.6576,17.7268,15.6315,14.0535,13.8176,10.6819,6.41735,89.803,10.4872,10.3073,8.95446,9.79886,10.45,10.45,9.99362,8.07481,80.1174,9.55201,9.1114,8.67194,73.1451,54.8172,64.3929,49.559,47.6473,61.1566,57.9286,52.571,67.7975,46.2261,64.0868,55.7989,43.4654,91.3523,71.0158,86.4616,82.5699,41.8144,99.579,78.7419,49.2328,95.3937,75.1007,31.0568,28.8861,104.633,27.457,40.5345,37.1827,34.3712,130.343,41.0686,107.959,127.13,123.922,26.1335,32.4273,118.982,114.049,24.6732,25.0197,26.6217,22.0582,22.0445,21.6247,33.4179,24.7307,24.6504,33.2292,24.8618,24.6406,31.9874,16.5892,22.8029,31.6734,17.4876,22.4231,22.0953,21.218,19.4487,19.1791,22.3441,40.5086,37.2639,33.7325,31.1656,22.799,22.7641,28.9535,27.7678,25.5315,24.1289,23.5627,47.2273,43.9419,24.191,50.6019,26.1495,26.5745,28.0927
110.328,105.363,100.489,97.304,93.2385,90.029,86.8137,78.7299,71.5799,62.6339,56.7776,51.0578,43.9482,53.7976,58.7205,64.5229,49.7509,36.8405,74.3214,79.2516,27.8719,84.2221,104.752,107.559,0,90.0579,69.4386,69.3538,19.1393,75.2696,100.764,9.2695,99.8405,101.622,101.627,103.4,106.9,108.326,88.1024,94.9661,8.17328,100.679,80.1162,81.9815,103.888,85.03,105.111,85.0336,107.785,67.4922,90.8336,92.2824,94.8497,95.2163,98.3505,104.647,18.047,102.868,103.308,104.633,105.111,106.918,107.817,101.46,107.734,27.9078,103.245,105.04,106.825,35.1599,58.6926,44.0277,65.0308,66.5222,53.1884,55.8042,62.0896,46.3833,68.3068,50.1247,53.0614,71.3423,26.8945,43.7796,30.1532,33.194,72.9448,23.6037,36.7259,60.3309,24.5675,40.51,86.6626,89.7318,22.8857,92.9774,74.7635,78.6863,82.7938,34.2461,69.3727,23.4346,31.8937,29.719,96.1009,79.2237,27.1809,25.3929,97.6996,99.6818,87.4107,93.3003,95.291,98.5472,105.996,101.529,103.335,108.968,104.248,105.107,110.777,107.31,106.426,111.502,104.291,107.099,107.91,108.672,99.5365,102.629,96.5661,75.9781,78.8279,82.6775,85.7583,107.122,108.002,88.8426,90.6079,93.6702,108.197,109.017,70.5346,73.2742,108.211,67.9098,107.625,108.547,109.721
199.815,194.883,189.974,186.831,182.803,179.673,176.577,168.532,161.405,152.548,146.737,141.028,133.966,36.5984,31.5506,25.6656,40.7265,126.871,15.9663,10.9605,117.905,5.89543,15.128,18.032,90.0579,0,20.6713,21.003,109.046,14.8077,10.73,99.1489,11.0285,11.8007,12.6501,13.9939,17.907,18.9997,5.40408,5.11922,82.1278,10.9703,10.2192,8.41442,13.932,5.65774,16.1567,6.64879,18.4676,23.1942,2.97121,4.11982,5.68374,8.04547,10.0539,15.0618,72.3727,15.402,15.7743,16.5486,17.5795,19.3044,20.101,13.3426,19.2367,62.7128,15.1601,16.6145,18.4027,55.8543,40.0074,47.1568,35.6946,33.8042,46.0809,42.8978,38.3478,52.196,32.7069,48.6957,38.8416,30.5172,74.9635,55.3173,70.1534,66.3317,29.0334,83.0651,62.6946,32.717,78.8924,59.2845,23.4544,23.0037,88.0816,23.787,28.2486,26.0327,24.9949,113.675,25.5147,91.4009,110.472,107.275,24.5371,19.0465,102.369,97.476,24.1726,25.845,17.3993,17.6419,19.6232,21.8154,35.6266,26.7959,27.8297,36.9846,28.4956,28.8461,36.8375,23.1227,27.8091,36.9601,21.4033,27.3717,27.5256,27.3323,19.103,21.2529,19.3586,27.4576,24.7134,22.2767,21.2329,27.39,27.9224,20.6644,20.5476,20.4005,28.9424,29.087,33.3624,30.3758,28.8905,36.4418,29.8699,30.5559,32.4045
179.315,174.372,169.477,166.321,162.281,159.126,156.009,147.957,140.818,131.964,126.127,120.434,113.341,16.0911,11.006,5.21598,20.172,106.241,5.19711,9.92131,97.2834,14.8077,35.5077,38.4609,69.4386,20.6713,0,2.23616,88.4353,5.89543,31.3598,78.539,30.8698,32.3195,32.6329,34.2678,37.8187,39.2639,19.2077,25.568,61.5233,31.29,10.7765,12.9325,34.4826,15.6819,36.098,16.2879,38.6476,4.5029,21.4833,23.2364,25.4996,26.3121,29.3483,35.3383,51.8069,34.1407,34.5728,35.7742,36.4563,38.2394,39.1233,32.5101,38.8154,42.2027,34.3552,36.0564,37.8979,35.4928,24.4176,26.9672,22.8697,21.5686,29.3222,26.5558,24.2657,34.1892,21.5359,31.2565,19.4312,21.3073,55.464,37.0653,50.7981,47.1176,20.9094,63.4358,43.7722,15.0722,59.275,40.7586,26.7135,28.6586,68.3991,31.4103,21.5364,22.5557,24.9204,93.8564,13.1606,71.7186,90.6628,87.4761,33.9043,16.8815,82.6192,77.7831,34.7464,36.8854,23.4479,28.4446,30.8626,34.1172,46.1146,38.5507,40.1771,48.4541,41.0401,41.7248,49.2849,40.1529,41.8781,49.7256,37.5373,41.955,42.4883,42.8443,33.4613,36.374,31.4778,21.4012,21.2481,22.4989,24.3605,41.9669,42.7464,26.4245,27.6949,29.8937,43.3503,43.9162,23.4062,22.2291,43.3388,25.0631,43.4652,44.3086,45.9416
179.371,174.418,169.53,166.364,162.313,159.135,155.98,147.927,140.774,131.894,126.056,120.335,113.21,15.7257,10.7566,5.1,19.7768,106.103,5.11922,10.0909,97.1554,15.128,35.5698,38.6492,69.3538,21.003,2.23616,0,88.2852,6.63241,31.5862,78.4107,30.938,32.4783,32.6986,34.3604,37.6929,39.3219,19.0444,25.8793,61.4139,31.3897,11.0255,13.5185,34.7192,15.8603,36.0485,16.4597,38.6286,3.03383,21.6192,23.6186,25.6174,26.1221,29.2487,35.4007,51.7195,33.8221,34.2584,35.5276,36.1316,37.9045,38.7965,32.3295,38.6416,42.0999,34.1854,35.9234,37.7459,35.3463,23.0803,26.706,21.3016,19.9502,28.1784,25.3292,22.7911,33.2994,19.9166,30.2171,19.0239,19.6723,55.0204,36.2444,50.3153,46.5554,19.2945,63.0616,43.1451,14.3456,58.8756,40.0115,25.4408,27.4784,68.0507,30.3065,19.974,21.0728,23.5476,93.5974,12.255,71.3855,90.3954,87.1996,32.8862,16.0112,82.3276,77.4746,33.8435,35.9538,22.7047,27.9826,30.3068,33.4681,45.6819,37.7144,39.3762,47.9813,40.2071,40.9062,48.8416,39.9594,41.1608,49.2866,37.3821,41.2879,41.854,42.2868,33.4042,36.1576,31.2555,20.2782,20.3667,21.8102,23.7706,41.3967,42.1871,25.8841,27.1811,29.4883,42.7522,43.3725,22.199,21.1944,42.8107,23.8533,42.8449,43.6778,45.2678
92.036,87.0661,82.2181,79.015,74.9376,71.6725,68.307,60.2313,53.0802,43.9595,38.1738,32.2576,25.0899,72.6895,77.6684,83.4841,68.6136,17.9358,93.2668,98.2066,8.99575,103.207,123.643,126.452,19.1393,109.046,88.4353,88.2852,0,94.2693,119.736,9.93121,118.691,120.55,120.478,122.276,125.721,127.174,106.946,113.964,26.9687,119.625,99.0883,100.962,122.872,103.994,123.933,103.916,126.632,86.3617,109.788,111.231,113.798,114.035,117.184,123.562,36.8405,121.628,122.067,123.413,123.844,125.658,126.557,120.278,126.526,46.6625,122.055,123.873,125.634,53.8068,76.1906,62.6818,82.5481,84.1641,70.3292,73.1765,79.5035,63.3103,85.9617,67.2025,71.6497,89.0551,41.1127,60.4478,45.3966,48.9938,90.7371,35.0179,52.8417,78.8314,37.7305,56.7929,104.578,107.682,31.7203,110.905,92.5584,96.5397,100.639,26.6686,87.8337,30.201,25.9447,25.625,114.044,97.6607,26.3992,28.0644,115.72,117.642,105.792,111.689,113.583,116.772,123.751,119.501,121.308,126.723,122.207,123.077,128.633,125.92,124.563,129.378,122.888,125.344,126.194,127.019,118.126,121.179,115.055,94.0091,97.007,100.96,104.055,125.412,126.297,107.161,108.938,112.041,126.439,127.29,88.2789,91.2065,126.483,85.4767,125.81,126.739,127.831
185.099,180.161,175.259,172.109,168.075,164.933,161.828,153.776,146.644,137.787,131.96,126.262,119.184,21.9438,16.8693,11.006,26.0429,112.084,2.61306,4.36808,103.121,8.98582,29.7195,32.6275,75.2696,14.8077,5.89543,6.63241,94.2693,0,25.5092,84.3685,25.1134,26.4835,26.8673,28.4679,32.1371,33.4757,13.7005,19.7108,67.3451,25.4996,5.11922,7.12433,28.6349,9.94111,30.3711,10.6973,32.8895,9.05894,15.7138,17.3776,19.7208,20.7367,23.6777,29.5508,57.6019,28.6504,29.0762,30.2035,30.9581,32.7535,33.6261,26.9045,33.1771,47.9673,28.7476,30.4204,32.2613,41.188,28.2434,32.5893,25.5685,23.9819,33.6749,30.7091,27.494,39.041,23.5143,35.8824,24.6682,22.5112,60.8929,42.0179,56.169,52.4391,21.6601,68.9145,48.9805,19.4175,64.745,45.8218,24.1791,25.6117,73.8967,28.0159,21.7939,21.7533,23.2111,99.4096,14.805,77.2153,96.2113,93.0192,30.1895,14.79,88.1434,83.2849,30.7639,32.8761,19.7996,24.0376,26.503,29.6904,42.3719,34.4045,35.9292,44.5225,36.7784,37.403,45.1379,34.8826,37.2961,45.5051,32.3722,37.2707,37.7332,37.9699,28.4911,31.3811,26.8943,21.3032,20.1725,20.3209,21.4895,37.2573,37.9973,23.0272,24.0459,25.8158,38.7013,39.1755,24.908,22.9417,38.6626,27.1862,38.9885,39.822,41.5297
210.544,205.612,200.702,197.56,193.533,190.403,187.305,179.259,172.131,163.268,157.457,151.741,144.671,47.238,42.2118,36.3379,51.3508,137.57,26.5689,21.5762,128.605,16.5702,5.21928,8.12552,100.764,10.73,31.3598,31.5862,119.736,25.5092,0,109.842,5.08035,2.19317,5.07859,4.81481,8.43727,9.09725,13.5185,5.97964,92.8176,2.23609,20.7437,18.9391,3.43466,15.8839,7.06972,16.2764,8.50092,33.6593,10.2192,9.17878,6.45291,8.05214,5.83246,5.02403,83.0481,8.60335,8.72825,8.49946,9.89853,11.099,11.6304,6.61756,10.0631,73.3561,7.5619,8.06107,9.44392,66.4416,49.3464,57.6775,44.4324,42.4787,55.6081,52.3628,47.306,62.0216,41.1467,58.3717,49.191,38.5673,85.2033,65.1876,80.3492,76.473,36.8871,93.3404,72.75,42.7557,89.1648,69.2123,27.7599,26.1247,98.3695,25.534,35.7392,32.7222,30.5207,124.007,34.8826,101.683,120.8,117.597,24.9211,26.7882,112.673,107.757,23.7674,24.7008,22.0187,19.2,20.1013,20.6817,33.6869,24.9354,25.2948,34.1503,25.6562,25.6756,33.2763,16.8875,23.708,33.125,16.6071,22.778,22.543,21.8693,16.9766,17.5441,19.1104,34.7117,31.5367,28.1743,26.1,22.7999,23.0258,24.2945,23.3879,21.767,24.2526,24.0264,41.2113,37.9584,24.1907,44.5027,25.7262,26.157,27.9511
101.637,96.6706,91.803,88.6104,84.5402,81.3069,78.0139,69.9277,62.7774,53.7232,47.9036,42.0695,34.9316,62.8411,67.8004,73.6063,58.7716,27.7821,83.3903,88.3235,18.7966,93.3143,113.776,116.579,9.2695,99.1489,78.539,78.4107,9.93121,84.3685,109.842,0,108.83,110.667,110.616,112.407,115.877,117.313,97.0882,104.061,17.0488,109.738,89.1914,91.0556,112.971,94.0988,114.08,94.0363,116.771,76.495,99.8955,101.331,103.907,104.183,107.325,113.68,26.9316,111.803,112.242,113.578,114.027,115.842,116.741,110.426,116.681,36.7726,112.202,114.014,115.782,43.9482,66.78,52.8347,73.1415,74.712,61.0395,63.8036,70.1272,54.0776,76.5017,57.9253,61.8257,79.5762,32.7543,51.2997,36.6976,40.1151,81.2256,27.657,43.864,69.0403,29.719,47.7723,95.03,98.1227,25.3291,101.356,83.0436,87.0062,91.1111,28.9635,78.0588,24.6784,27.1894,25.7146,104.487,87.902,24.5925,24.4695,106.129,108.077,96.0569,101.947,103.878,107.097,114.312,109.929,111.733,117.278,112.64,113.506,119.146,116.109,114.928,119.877,113.077,115.672,116.509,117.31,108.312,111.384,105.276,84.3975,87.3388,91.2561,94.3428,115.72,116.604,97.4425,99.216,102.304,116.766,117.603,78.7747,81.6297,116.796,76.0402,116.16,117.091,118.214
209.727,204.798,199.865,196.724,192.697,189.569,186.418,178.373,171.246,162.292,156.541,150.726,143.686,46.3979,41.4974,35.6523,50.5074,136.581,25.9659,21.0408,127.609,16.4502,5.50499,7.9945,99.8405,11.0285,30.8698,30.938,118.691,25.1134,5.08035,108.83,0,3.49857,1.79,3.71704,8.2623,8.5,12.0841,7.81717,91.8389,5.55231,20.4725,18.4579,7.29664,15.8105,5.81695,14.9185,8.42399,32.8511,10.6097,8.64639,7.5505,6.40163,3.97437,6.95017,82.0608,7.99122,8.17413,8.08114,9.04637,10.9666,11.5743,6.41904,9.99818,72.3588,7.60371,8.87901,9.8115,65.3608,46.9172,56.5715,41.7333,39.8132,53.2649,50.0239,44.7174,59.9057,38.4307,56.1828,47.953,35.7344,83.5356,63.1333,78.6349,74.7182,34.1085,91.7962,70.8836,41.36,87.5883,67.2271,24.2542,22.4898,96.8598,21.7005,32.9126,29.7309,27.2385,122.629,33.2489,100.195,119.408,116.192,21.1098,24.779,111.245,106.305,20.0667,21.0032,19.6393,16.1239,16.692,17.2606,31.8157,21.3542,21.8466,32.2383,22.3,22.3582,31.5342,16.5005,21.1174,31.4001,16.0387,21.0787,21.1013,20.6631,16.1491,16.9121,17.9488,33.2149,30.1417,26.9256,24.6585,21.5711,21.8464,22.8623,21.9699,20.3746,23.1358,22.9339,39.8174,36.6542,23.2866,43.1499,24.8458,25.5199,27.2023
211.463,206.531,201.612,198.47,194.443,191.313,188.194,180.148,173.019,164.118,158.331,152.574,145.514,48.0906,43.1076,37.2345,52.2056,138.41,27.4627,22.4715,129.441,17.5828,3.57728,6.53881,101.622,11.8007,32.3195,32.4783,120.55,26.4835,2.19317,110.667,3.49857,0,3.00002,2.67739,6.98066,7.34098,13.9318,7.41782,93.6506,3.12923,21.7279,19.8319,3.86948,16.8891,5.17155,16.79,6.94173,34.4865,11.2658,9.81631,7.54255,7.95694,5.18262,4.33554,83.8726,7.66783,7.75683,7.33464,8.64551,10.0364,10.5446,5.91609,8.78565,74.1691,6.72074,7.33109,8.41009,67.2128,49.4724,58.4267,44.4008,42.4548,55.7852,52.5353,47.3358,62.3159,41.0828,58.6226,49.8662,38.4259,85.7184,65.5107,80.8404,76.9419,36.7499,93.9092,73.1661,43.3366,89.7197,69.5687,27.0476,25.2553,98.9541,24.4475,35.5522,32.4064,29.9952,124.652,35.3089,102.277,121.439,118.23,23.688,26.9414,113.294,108.365,22.4884,23.3183,21.7845,18.437,19.082,19.4463,32.8329,23.4983,23.8118,33.1632,24.1622,24.1496,32.262,16.0851,22.3342,32.081,15.9679,21.679,21.4879,20.8372,16.6204,17.0351,18.8381,35.0028,31.8312,28.4467,26.2107,21.8856,22.0846,24.2977,23.3222,21.5662,23.3609,23.0909,41.5924,38.3506,23.3822,44.9187,24.9996,25.4898,27.2248
